# EXAMPLE1-GEOM.msh; created by JIGSAW's MATLAB interface
MSHID=3;ELLIPSOID-MESH 
RADII=6371.000000;6371.000000;6371.000000
